0 0.31396484375 0.15771484375 0.0439453125 0.0576171875
0 0.45849609375 0.08349609375 0.0419921875 0.0576171875
0 0.9375 0.1474609375 0.03125 0.052734375
0 0.53759765625 0.82373046875 0.0322265625 0.0654296875
0 0.68505859375 0.78515625 0.0439453125 0.041015625
0 0.83837890625 0.763671875 0.0419921875 0.044921875
0 0.97119140625 0.74951171875 0.0283203125 0.0458984375
0 0.8525390625 0.87060546875 0.046875 0.0576171875
0 0.89306640625 0.828125 0.0400390625 0.064453125
1 0.82177734375 0.51611328125 0.0400390625 0.0673828125
1 0.71826171875 0.705078125 0.0341796875 0.076171875
1 0.43212890625 0.783203125 0.0458984375 0.05078125
1 0.03466796875 0.72216796875 0.0498046875 0.0478515625
1 0.17919921875 0.08544921875 0.0556640625 0.0810546875
1 0.88427734375 0.0625 0.0576171875 0.07421875
