0 0.23193359375 0.05810546875 0.0400390625 0.0498046875
0 0.75048828125 0.49755859375 0.0341796875 0.0478515625
0 0.82568359375 0.31884765625 0.0361328125 0.0458984375
0 0.82373046875 0.0927734375 0.0439453125 0.056640625
0 0.80419921875 0.029296875 0.0380859375 0.041015625
0 0.76513671875 0.9072265625 0.0439453125 0.041015625
0 0.88037109375 0.853515625 0.0419921875 0.04296875
0 0.17626953125 0.5078125 0.0380859375 0.044921875
0 0.53564453125 0.2890625 0.0361328125 0.04296875
1 0.36376953125 0.38671875 0.0478515625 0.052734375
1 0.52880859375 0.17626953125 0.0458984375 0.0380859375
1 0.55224609375 0.5615234375 0.0458984375 0.04296875
1 0.73779296875 0.78076171875 0.0439453125 0.0556640625
