0 0.2705078125 0.0986328125 0.037109375 0.041015625
0 0.25146484375 0.17626953125 0.0400390625 0.0576171875
0 0.2744140625 0.4013671875 0.029296875 0.052734375
0 0.36474609375 0.56201171875 0.0380859375 0.0576171875
0 0.2734375 0.92919921875 0.03125 0.0498046875
0 0.3955078125 0.9658203125 0.044921875 0.0625
0 0.55712890625 0.310546875 0.0361328125 0.056640625
0 0.83447265625 0.03271484375 0.0380859375 0.0478515625
0 0.93408203125 0.4697265625 0.0380859375 0.05078125
1 0.568359375 0.58447265625 0.05859375 0.0654296875
1 0.40966796875 0.82958984375 0.0478515625 0.0615234375
1 0.55615234375 0.197265625 0.0458984375 0.064453125
1 0.73974609375 0.37744140625 0.0439453125 0.0673828125
