1 0.1865234375 0.140625 0.07421875 0.056640625
1 0.86962890625 0.12646484375 0.0478515625 0.0673828125
1 0.30224609375 0.80908203125 0.0380859375 0.0595703125
1 0.20947265625 0.59619140625 0.0517578125 0.0595703125
1 0.17919921875 0.640625 0.0517578125 0.0625
0 0.6044921875 0.21337890625 0.05859375 0.0595703125
0 0.74462890625 0.31640625 0.0458984375 0.060546875
0 0.46826171875 0.947265625 0.0458984375 0.052734375
0 0.17919921875 0.84765625 0.0439453125 0.044921875
0 0.11865234375 0.90869140625 0.0341796875 0.0576171875
0 0.12646484375 0.21337890625 0.0380859375 0.0498046875
