1 0.3515625 0.29150390625 0.03515625 0.0576171875
1 0.5576171875 0.4853515625 0.060546875 0.052734375
1 0.74951171875 0.63232421875 0.0361328125 0.0693359375
1 0.603515625 0.86572265625 0.056640625 0.0576171875
0 0.3564453125 0.5673828125 0.033203125 0.0546875
0 0.29541015625 0.76171875 0.0322265625 0.041015625
0 0.89990234375 0.9384765625 0.0361328125 0.0546875
0 0.92138671875 0.48974609375 0.0361328125 0.0380859375
0 0.30615234375 0.16943359375 0.0498046875 0.0576171875
0 0.20263671875 0.2353515625 0.0419921875 0.05078125
0 0.58935546875 0.75048828125 0.0361328125 0.0478515625
