0 0.25244140625 0.1943359375 0.0419921875 0.0546875
0 0.28076171875 0.12890625 0.0458984375 0.052734375
1 0.55322265625 0.24853515625 0.0478515625 0.0576171875
1 0.556640625 0.6337890625 0.05859375 0.04296875
1 0.76708984375 0.06884765625 0.0439453125 0.0673828125
1 0.38623046875 0.87158203125 0.0498046875 0.0458984375
1 0.728515625 0.43603515625 0.037109375 0.0595703125
0 0.27294921875 0.42822265625 0.0419921875 0.0478515625
0 0.3544921875 0.59521484375 0.05078125 0.0517578125
0 0.5634765625 0.35693359375 0.03515625 0.0458984375
0 0.92333984375 0.5439453125 0.0322265625 0.0546875
0 0.84423828125 0.10009765625 0.0380859375 0.0478515625
0 0.24755859375 0.95654296875 0.0361328125 0.0478515625
