0 0.181640625 0.26513671875 0.056640625 0.0478515625
0 0.11083984375 0.27587890625 0.0458984375 0.0498046875
0 0.21923828125 0.369140625 0.0400390625 0.05078125
0 0.35009765625 0.30810546875 0.0380859375 0.0615234375
0 0.49755859375 0.22705078125 0.0517578125 0.0576171875
0 0.8115234375 0.82568359375 0.0390625 0.0693359375
0 0.67822265625 0.95166015625 0.0537109375 0.0517578125
0 0.83740234375 0.93994140625 0.0322265625 0.0478515625
1 0.34130859375 0.38916015625 0.0322265625 0.0478515625
1 0.87060546875 0.08203125 0.0537109375 0.044921875
1 0.23046875 0.5673828125 0.06640625 0.0546875
