1 0.60986328125 0.18017578125 0.0439453125 0.0595703125
1 0.84716796875 0.06884765625 0.0400390625 0.0712890625
1 0.74267578125 0.4169921875 0.0419921875 0.060546875
1 0.54736328125 0.5546875 0.0556640625 0.04296875
1 0.33544921875 0.73779296875 0.0400390625 0.0498046875
0 0.29833984375 0.27001953125 0.0419921875 0.0478515625
0 0.34912109375 0.458984375 0.0439453125 0.0625
0 0.32958984375 0.0458984375 0.0400390625 0.064453125
0 0.1875 0.783203125 0.0390625 0.0546875
0 0.28955078125 0.85595703125 0.0322265625 0.0576171875
0 0.59521484375 0.291015625 0.0439453125 0.052734375
0 0.91943359375 0.58544921875 0.0361328125 0.0576171875
