1 0.9296875 0.13818359375 0.072265625 0.0810546875
1 0.24072265625 0.26611328125 0.0615234375 0.0888671875
0 0.24560546875 0.12744140625 0.0595703125 0.0693359375
0 0.50927734375 0.22216796875 0.0595703125 0.0576171875
0 0.51513671875 0.087890625 0.0400390625 0.033203125
0 0.37353515625 0.3251953125 0.0400390625 0.0625
0 0.21142578125 0.64404296875 0.0439453125 0.0693359375
0 0.79541015625 0.890625 0.0439453125 0.05078125
0 0.9384765625 0.84521484375 0.033203125 0.0595703125
0 0.65478515625 0.94970703125 0.0419921875 0.0478515625
