0 0.03955078125 0.23681640625 0.0400390625 0.0478515625
0 0.50732421875 0.125 0.0400390625 0.03515625
0 0.65771484375 0.07958984375 0.0283203125 0.0595703125
0 0.65771484375 0.2001953125 0.0439453125 0.052734375
0 0.16748046875 0.85009765625 0.0361328125 0.0498046875
0 0.11767578125 0.921875 0.0400390625 0.044921875
0 0.03369140625 0.8525390625 0.0400390625 0.0546875
1 0.28369140625 0.78564453125 0.0439453125 0.0458984375
1 0.07861328125 0.96875 0.0498046875 0.052734375
1 0.57080078125 0.8251953125 0.0341796875 0.052734375
1 0.13720703125 0.640625 0.0478515625 0.0625
