0 0.2685546875 0.41455078125 0.0546875 0.0595703125
0 0.34326171875 0.59619140625 0.0439453125 0.0498046875
0 0.86376953125 0.17041015625 0.0361328125 0.0556640625
0 0.5625 0.3857421875 0.037109375 0.0546875
0 0.27392578125 0.18896484375 0.0361328125 0.0478515625
0 0.29931640625 0.1201171875 0.0517578125 0.044921875
0 0.21240234375 0.94091796875 0.0498046875 0.0458984375
0 0.91455078125 0.619140625 0.0341796875 0.0625
1 0.57080078125 0.27099609375 0.0498046875 0.0654296875
1 0.728515625 0.48779296875 0.05078125 0.0673828125
1 0.54248046875 0.6572265625 0.0615234375 0.052734375
1 0.35546875 0.87744140625 0.048828125 0.0615234375
1 0.79541015625 0.1181640625 0.0361328125 0.064453125
1 0.12841796875 0.08935546875 0.0419921875 0.0361328125
