0 0.23681640625 0.06640625 0.0419921875 0.04296875
0 0.60693359375 0.08056640625 0.0419921875 0.0478515625
0 0.75927734375 0.103515625 0.0400390625 0.044921875
0 0.91943359375 0.01904296875 0.0361328125 0.0380859375
0 0.96142578125 0.0498046875 0.0205078125 0.0390625
0 0.90673828125 0.12158203125 0.0341796875 0.0576171875
0 0.2666015625 0.38916015625 0.05859375 0.0576171875
0 0.21337890625 0.47900390625 0.0478515625 0.0595703125
0 0.40478515625 0.75537109375 0.0458984375 0.0576171875
0 0.55322265625 0.82275390625 0.0439453125 0.0478515625
1 0.30517578125 0.970703125 0.0439453125 0.052734375
1 0.9013671875 0.3740234375 0.01953125 0.060546875
1 0.79345703125 0.18359375 0.0361328125 0.052734375
1 0.3974609375 0.51025390625 0.048828125 0.0458984375
1 0.28466796875 0.84033203125 0.0419921875 0.0830078125
1 0.11279296875 0.21240234375 0.0458984375 0.0517578125
1 0.50048828125 0.12744140625 0.0458984375 0.0595703125
